2309
2324
2352
2340
2381
2325
2337
2364
32
2330
2354
2344
2366
2367
2332
2348
2361
2369
2310
2368
2312
2327
2342
2341
2351
2370
2346
2360
2375
2339
2357
2359
2336
2350
2338
2306
2358
2335
2380
2371
2379
2349
2334
2326
2331
2347
2307
45
2343
2328
2376
2314
2329
33
2319
2305
2333
2311
2313
2377
2323
60
2321
42
2373
46
2320
2355
49
50
54
2315
44
86
2412
47
89
63
2309
2324
2352
2340
2381
2325
2337
2364
32
2330
2354
2344
2366
2367
2332
2348
2361
2369
2310
2368
2312
2327
2342
2341
2351
2370
2346
2360
2375
2339
2357
2359
2336
2350
2338
2306
2358
2335
2380
2349
2326
2331
2379
2347
2307
45
2343
2328
2376
2334
2314
2329
33
2319
2305
2333
2311
2313
2377
